-0.21546256  0.83773086  2.20413493  1.40038153  1.42601723  1.54066014
  1.49165277  1.41913242  1.65975885  1.52228728  1.84804732  1.72519719
  1.37241403  1.56159723  1.50589021  1.55658673  1.68954131  1.70909617
  1.48010782  1.38526043  1.73167796  1.52786061  1.81069313  1.6602161
  1.41168417  1.44555156  1.59557577  1.46534221  1.49655636  1.68391169
  1.51391198  1.5478334   1.86302909  1.37794037  1.67568839  1.63667295
  1.54929781  1.79354644  1.4407986   1.72376181  1.39201828  1.82527047
  1.72806684  1.74758605  1.6030832   1.43362335  1.45739482  1.59455759
  1.73453947  1.46016279  1.83092026  1.84413994  1.48954204  1.86776234
  1.54315424  1.43844494  1.57361951  1.72891048  1.54543612  1.7765585
  1.85472505  1.59456132  1.48708764  1.70940958  1.61327307  1.37257431
  1.59584056  1.49153064  1.66957067  1.66693568  1.74373515  1.84276574
  1.63264214  1.65709172  1.38002259  1.75071247  1.50105755  1.38492796
  1.63800686  1.84671149  1.62855414  1.67797451  1.48562911  1.51132214
  1.50835132  1.60043435  1.75825464  1.81662783  1.73941118  1.64168253
  1.804992    1.72748311  1.78945759  1.54673059  1.61328733  1.82909687
  1.61603324  1.46488582  1.82552798  1.70460742  1.46673364  1.74425312
  1.36815212  1.50332053  1.51160136  1.55265556  1.63411577  1.71453288
  1.61792695  1.81448326  1.65658996  1.73990423  1.47604479  1.49098557
  1.60791566  1.67522759  1.80882247  1.61825388  1.48064083  1.41603598
  1.83555217  1.81783039  1.74435841  1.79128953  1.43968117  1.65151461
  1.74129017  1.81033916  1.62398549  1.45626203  1.62103449  1.80925537
  1.69995545  1.71527821  1.6674522   1.77093504  1.45379713  1.39414761
  1.66705241  1.68728036  1.65017465  1.56530795  1.47780421  1.65131746
  1.69353992  1.58308586  1.66658015  1.84787489  1.84492156  1.41981818
  1.4012518   1.46843372  1.78533521  1.84473737  1.67066591  1.38209318
  1.64310714  1.42390544  1.4497455   1.74512797  1.40987581  1.41036441
  1.65830242  1.58708842  1.8093502   1.8291575   1.58524273  1.86430542
  1.43337427  1.56562814  1.83619772  1.38301318  1.67594669  1.56307091
  1.59602506  1.43152236  1.50730555  1.64636776  1.49580772  1.80667059
  1.714374    1.43196186  1.6191572   1.83174369  1.68208202  1.47240795
  1.53602208  1.5966684   1.42422036  1.81542342  1.56291924  1.40797666
  1.72802631  1.3761546   1.71440772  1.65208374  1.79942406  1.75883176
  1.81740035  1.67206907  1.53157063  1.50542905  1.86212353  1.47622724
  1.48780745  1.44234565  1.51689428  1.59545729  1.65460143  1.64862124
  1.79041337  1.4470685   1.73704936  1.8467513   1.3834046   1.74678601
  1.79737955  1.56789474  1.58380604  1.6346357   1.3956225   1.68097854
  1.79205891  1.80109287  1.56956513  1.67918945  1.4702367   1.69065243
  1.82757357  1.40932264  1.59136872  1.45713996  1.67138403  1.67630305
  1.85069562  1.65755494  1.69807543  1.80213184  1.61333074  1.52183627
  1.56094721  1.68237215  1.66361297  1.83758443  1.49275871  1.85467304
  1.49481567  1.79369848  1.54574581  1.56237546  1.84656593  1.76293228
  1.39091974  1.77372939  1.72905928  1.59414036  1.57715901  1.6827334
  1.74866006  1.4292946   1.8131972   1.53049344  1.59077293  1.4705818
  1.63336321  1.83739418  1.78337987  1.77921872  1.78090625  1.68652074
  1.83859404  1.73549007  1.43813291  1.65645948  1.83054804  1.62877214
  1.82903954  1.43114852  1.61621614  1.62112288  1.61071236  1.70054619
  1.66604441  1.6748522   1.57480374  1.4018106   1.57984501  1.83369146
  1.85813919  1.77711003  1.77905982  1.72822806  1.86649618  1.65523723
  1.84547295  1.60363049  1.58522473  1.44102528  1.46377061  1.49310612
  1.74787561  1.50805553  1.63158174  1.58710681  1.73533055  1.86088098
  1.8626524   1.85906047  1.78566126  1.61611968  1.62134599  1.72391669
  1.73501004  1.83519863  1.85321468  1.65221222  1.79706658  1.65577536
  1.72568742  1.64538232  1.82550966  1.82044809  1.41481065  1.494829
  1.50398846  1.83239279  1.52088141  1.71045579  1.79152348  1.86689775
  1.63223861  1.51024684  1.67896855  1.76420229  1.48493517  1.7549419
  1.38243426  1.4618763   1.5703842   1.74468333  1.75025136  1.60169342
  1.72760567  1.58036705  1.68323744  1.37907347  1.38238121  1.86029158
  1.50024464  1.67540403  1.60491769  1.84158941  1.80300967  1.36871457
  1.61874733  1.61165894  1.46689262  1.45448579  1.53104531  1.44997279
  1.59746603  1.76872513  1.48118553  1.44211758  1.5652034   1.59757607
  1.60872009  1.73826832  1.652675    1.44150904  1.48835775  1.59689413
  1.82929497  1.61758357  1.78800576  1.55016284  1.86037542  1.83737067
  1.6542721   1.81708151  1.49926503  1.65697826  1.71961096  1.61014781
  1.70536811  1.72505247  1.55218675  1.58655967  1.82130398  1.73272516
  1.55844985  1.52013755  1.6117325   1.8219366   1.54808069  1.71173253
  1.46440159  1.74896455  1.57126773  1.37689426  1.65702207  1.55680353
  1.85639099  1.42696915  1.4172163   1.73535955  1.43893566  1.86427661
  1.84319752  1.80795506  1.73766879  1.72451598  1.48400202  1.55500957
  1.55721465  1.41694093  1.60704098  1.51312834  1.57315186  1.84104513
  1.85981568  1.66461576  1.86622268  1.57865549  1.6659491   1.74496105
  1.55473183  1.56960827  1.80037752  1.73803127  1.60431105  1.39704412
  1.36850372  1.40647705  1.60981222  1.8230955   1.62713126  1.59138573
  1.52510868  1.50676317  1.69787386  1.4616028   1.37223869  1.65511276
  1.58279192  1.53935899  1.84081276  1.77169437  1.54731324  1.85605379
  1.50020812  1.58809943  1.7666795   1.82097706  1.51938462  1.67078518
  1.56962438  1.75998868  1.63666994  1.45817653  1.60327011  1.40198386
  1.64477069  1.38087147  1.65704374  1.65264027  1.69823761  1.71633756
  1.79632725  1.8197661   1.37954001  1.75104945  1.85635338  1.46398778
  1.46082922  1.52760728  1.75077765  1.783809    1.62057402  1.85802451
  1.3874052   1.82855916  1.82242649  1.5827466   1.7437438   1.75094239
  1.40526307  1.73804302  1.4270324   1.7667641   1.64927744  1.52867876
  1.55420353  1.84482105  1.5644391   1.48258733  1.61769162  1.77020791
  1.76358808  1.49012345  1.39618177  1.64566638  1.70616874  1.69370848
  1.40072625  1.86516921  1.85773036  1.467599    1.6550416   1.51120249
  1.83554707  1.51810524  1.81965279  1.56343328  1.81982468  1.76972859
  1.53233646  1.74834321  1.6504444   1.67530523  1.50296571  1.45309272
  1.64403575  1.37516374  1.46441614  1.60713275  1.67724893  1.84464046
  1.70975782  1.4748813   1.70078394  1.38634882  1.83479123  1.67824442
  1.75806321  1.69398095  1.55619583  1.52977591  1.7015003   1.78200851
  1.58809893  1.56220799  1.74448448  1.69318887  1.3807091   1.86620694
  1.59170905  1.78021103  1.43784916  1.42018452  1.64742372  1.57741151
  1.64517188  1.74620514  1.81609348  1.41173862  1.66877607  1.42009411
  1.80852904  1.3998701   1.48244396  1.67484191  1.79573839  1.85493991
  1.74787283  1.62961958  1.45268104  1.38112588  1.8628347   1.78093649
  1.50104381  1.705498    1.61363573  1.38870628  1.64215853  1.590592
  1.7711977   1.43670533  1.4212678   1.59757479  1.62356723  1.67303247
  1.81291386  1.6557456   1.83285746  1.4815903   1.7667081   1.7430352
  1.69699682  1.64878027  1.38763941  1.55988739  1.64267146  1.84603703
  1.69708956  1.56421265  1.61842058  1.66623139  1.72267255  1.70570784
  1.81114924  1.6124449   1.46294117  1.4855864   1.66407274  1.37051694
  1.6447936   1.39810611  1.66639248  1.42540514  1.65962065  1.83963307
  1.7265147   1.68567453  1.84301532  1.60406786  1.68532939  1.72415826
  1.76804383  1.67161192  1.63189373  1.501726    1.38485274  1.65795513
  1.4608282   1.4398447   1.62710802  1.69245554  1.69462949  1.63870446
  1.42372129  1.82264159  1.7448311   1.59474574  1.49135286  1.81025757
  1.57201795  1.58543754  1.49590774  1.86748581  1.84896091  1.46125317
  1.58694772  1.75396318  1.4936709   1.85224133  1.78119576  1.68877434
  1.46179073  1.53987221  1.61178603  1.6388807   1.8667934   1.60178281
  1.6909136   1.60637155  1.85605068  1.75062385  1.68061086  1.56057657
  1.44328643  1.7448458   1.56892597  1.5445151   1.78603111  1.38515468
  1.66631716  1.39063759  1.3721893   1.41367975  1.43019805  1.68072526
  1.85193182  1.80324954  1.53412327  1.8500155   1.39587835  1.66231029
  1.38683327  1.85215869  1.37584417  1.65842572  1.8307793   1.58163377
  1.68986357  1.56412639  1.52370122  1.52545998  1.83575858  1.771428
  1.74297808  1.59092987  1.61151651  1.38796329  1.73442999  1.79828411
  1.46122514  1.71069838  1.45254769  1.70230119  1.60075814  1.40380249
  1.86089609  1.39472491  1.75878686  1.48310095  1.45378572  1.70059744
  1.70974875  1.61098684  1.7545884   1.42050515  1.76424938  1.62521439
  1.698709    1.5279665   1.84995504  1.54880454  1.72242433  1.65879249
  1.74670241  1.7094222   1.66011791  1.38398205  1.84578559  1.57909126
  1.7513271   1.74092198  1.61171888  1.6423895   1.71701996  1.62376061
  1.57396722  1.46771538  1.52418955  1.80206019  1.45833021  1.38257425
  1.85842292  1.85815792  1.53676978  1.8680298   1.50612922  1.79785862
  1.51010446  1.85828169  1.49721439  1.83690291  1.36972804  1.52911462
  1.56700385  1.47656024  1.73806422  1.72303866  1.76243297  1.71130223
  1.42040855  1.62006714  1.76114732  1.37896679  1.45298835  1.73866491
  1.62143543  1.62260378  1.54952776  1.56790707  1.79943838  1.53857749
  1.60185441  1.47267459  1.67435254  1.50772043  1.71210282  1.84779142
  1.4598794   1.45398615  1.8021853   1.82808666  1.43088866  1.58869285
  1.57150634  1.79462643  1.73514038  1.55255815  1.63954455  1.54226257
  1.84407656  1.63809987  1.42791781  1.40063291  1.69282794  1.42700777
  1.73093391  1.80164283  1.5829575   1.60120365  1.85393494  1.71673507
  1.37932825  1.60025888  1.63632231  1.51391444  1.39086806  1.78754578
  1.45695204  1.62897141  1.71062011  1.63634187  1.39262218  1.53392412
  1.4048035   1.42238737  1.52125414  1.69941393  1.63132982  1.44110715
  1.608912    1.67197934  1.55026561  1.44283578  1.69126459  1.62870296
  1.36868718  1.55389579  1.61688578  1.49996032  1.6241703   1.57114205
  1.83705311  1.73107901  1.60176588  1.48967839  1.78316111  1.52008856
  1.72262274  1.4279907   1.79357621  1.4170397   1.74366553  1.51079442
  1.7846696   1.86255017  1.55587293  1.71016277  1.84805748  1.40163397
  1.65510708  1.53221848  1.40974697  1.65461247  1.85195513  1.75725093
  1.71312139  1.76555919  1.63772801  1.66147901  1.72599976  1.82620752
  1.39084392  1.55456493  1.79659366  1.66880946  1.44160482  1.51017708
  1.56507802  1.62772018  1.60950775  1.55758909  1.84135146  1.38190237
  1.54263667  1.46365415  1.61684989  1.7280134   1.5068349   1.61336552
  1.49733261  1.50907686  1.40273106  1.55241223  1.43924841  1.41714067
  1.51727068  1.7573488   1.66845617  1.45529411  1.84269386  1.51639465
  1.5795447   1.69391198  1.48592389  1.70469889  1.8136353   1.66314107
  1.84009185  1.81792241  1.37554933  1.50789462  1.71952293  1.60273693
  1.64466238  1.40484616  1.40298245  1.66578595  1.51747504  1.85082593
  1.45107322  1.51368326  1.69656134  1.53094487  1.39562249  1.60067128
  1.80583808  1.60128691  1.69356769  1.41245955  1.37793546  1.69536236
  1.53531906  1.58685544  1.65610093  1.52443223  1.39318675  1.82885585
  1.40884742  1.60012999  1.76835823  1.72045262  1.85726188  1.73696508
  1.76451261  1.65176363  1.41773582  1.42478062  1.6953013   1.73110144
  1.72977776  1.71440722  1.45950365  1.70140936  1.40110161  1.54152097
  1.47899841  1.62368432  1.86338884  1.57194372  1.77166147  1.47181714
  1.80778778  1.59172315  1.47481836  1.60587303  1.55158365  1.855917
  1.78227559  1.6742921   1.43814524  1.42283141  1.78700018  1.53070504
  1.68507189  1.85343088  1.79178917  1.41802881  1.69455619  1.61690112
  1.54222541  1.36891007  1.60765964  1.82950849  1.84619085  1.53900831
  1.69321044  1.80222639  1.77740017  1.67005428  1.83816365  1.38744226
  1.66563103  1.76454994  1.53692057  1.60953339  1.40645225  1.85735453
  1.43430738  1.45615134  1.72727975  1.62647258  1.44922833  1.56687122
  1.54769689  1.76723938  1.60174099  1.43420328  1.56310792  1.56316584
  1.51026508  1.86604203  1.53042847  1.45428179