0.03441832 0.93656538 1.78513032 1.31359973 1.56594902 1.4204328
 1.68436439 1.77630823 1.64594404 1.81178325 1.6867668  1.76138771
 1.79614607 1.74714207 1.8335788  1.73306505 1.38705254 1.41729557
 1.45315245 1.80199359 1.53144623 1.70372635 1.62209141 1.58455072
 1.81780928 1.75664212 1.49913735 1.71083484 1.53507658 1.47840626
 1.86139812 1.75459247 1.56791241 1.72419289 1.73421763 1.39518258
 1.4918103  1.79805297 1.42859942 1.42222911 1.69630832 1.56519757
 1.4414711  1.44112415 1.79635771 1.39169578 1.43442256 1.53825961
 1.6106067  1.74357051 1.59576418 1.75480931 1.7973449  1.54616367
 1.45661232 1.45101494 1.44644896 1.48708425 1.64763235 1.81068102
 1.7077823  1.81195715 1.61551712 1.47089844 1.78806911 1.44579343
 1.81364115 1.38930887 1.59928293 1.70017607 1.75214945 1.62182373
 1.53190093 1.40810537 1.50612597 1.75134287 1.75971822 1.52377979
 1.67411019 1.59540672 1.56570737 1.79838511 1.78556407 1.74649496
 1.60696933 1.71950638 1.53628636 1.75439147 1.66281813 1.59911826
 1.4938533  1.58341372 1.85995704 1.65760476 1.83063002 1.6085902
 1.65800792 1.679102   1.44304469 1.76919404