0.03128193 0.98363228 2.16545743 1.31054127 1.43919551 1.60320466
 1.57163256 1.64119033 1.65616453 1.78608748 1.84847319 1.76147906
 1.84852425 1.46555999 1.46818548 1.74747633 1.82683799 1.51961317
 1.84489474 1.77838766 1.74662417 1.79406358 1.38230881 1.79567836
 1.39584029 1.85414349 1.76465213 1.64336947 1.41797604 1.38128073
 1.69255324 1.71405369 1.4736174  1.81974979 1.83437824 1.76321191
 1.64274377 1.67335999 1.86097143 1.73760358 1.53303279 1.55086552
 1.75733963 1.42939605 1.67148439 1.55237131 1.77348199 1.61727486
 1.46612037 1.74042226 1.71918746 1.70196617 1.56071496 1.46940329
 1.75827761 1.68722062 1.72116252 1.48564228 1.40145061 1.80125915
 1.76142779 1.53912435 1.44622318 1.84444115 1.49132432 1.43465366
 1.43703162 1.4755694  1.63105002 1.6568887  1.84863895 1.86765756
 1.44326871 1.45773227 1.80267982 1.48031783 1.44861299 1.77754289
 1.81045037 1.60134925 1.49072943 1.45564967 1.66521215 1.53335736
 1.79281652 1.86349358 1.56319859 1.85083571 1.72784509 1.50433025
 1.80716251 1.67197808 1.80806384 1.43269922 1.37046536 1.38503225
 1.48577431 1.63105714 1.66337142 1.55808962