1.52817909 1.62683791 1.76839013 1.86514565 1.48839152 1.72130986
 1.56108726 1.58508133 1.85021393 1.54634412 1.73031937 1.72088564
 1.5746811  1.60344694 1.39468316 1.49232667 1.51652207 1.5026191
 1.80133699 1.41590333 1.71758715 1.70157943 1.56593797 1.50070784
 1.64862016 1.47302423 1.55033836 1.44358023 1.52596655 1.85057203
 1.86650163 1.37743188 1.82218606 1.75589985 1.8136691  1.7354118
 1.6947131  1.67292166 1.67710649 1.58100733 1.4125569  1.41178257
 1.78514344 1.66566339 1.60018932 1.67607211 1.4393706  1.47523739
 1.81913017 1.46903268 1.38824224 1.43443596 1.583782   1.43717993
 1.75712801 1.63890546 1.7957347  1.38113739 1.73206816 1.57644676
 1.69090645 1.81788998 1.65938244 1.4611787  1.64213983 1.83513497
 1.46910732 1.80448073 1.41439968 1.58591323 1.51814641 1.49693148
 1.54659468 1.79999265 1.74511698 1.57770434 1.38467673 1.7308815
 1.48941704 1.71183241 1.82870006 1.55785781 1.76382785 1.56090415
 1.51608093 1.73648306 1.67500148 1.45620649 1.52672975 1.50840692
 1.60112692 1.42660478 1.7282553  1.80212094 1.48808891 1.80797639
 1.70195622 1.71953085 1.85388177 1.40362574 1.69651594 1.59784606
 1.61624845 1.82081969 1.4666959  1.75146467 1.6289033  1.84048263
 1.80955348 1.68814136 1.41722203 1.40503031 1.79559486 1.61299558
 1.66610798 1.38752409 1.76851922 1.38468211 1.5262993  1.42886282
 1.85182483 1.64122809 1.71752555 1.58297181 1.82612409 1.50429645
 1.772821   1.6518855  1.74782524 1.85312852 1.44777813 1.43056076
 1.72824421 1.76932474 1.39628916 1.84463051 1.66261901 1.81466246
 1.66719468 1.77702412 1.53452758 1.71214156 1.79496665 1.43830398
 1.76586632 1.73310561 1.5675383  1.75972733 1.80560675 1.68796025
 1.46140141 1.39417527 1.64526475 1.44086741 1.66336023 1.66494453
 1.45502683 1.7605099  1.80751129 1.68008088 1.42351498 1.86253086
 1.54754335 1.66319786 1.77189979 1.66673135 1.78504635 1.73717656
 1.82431917 1.54205819 1.77398111 1.4293074  1.49888902 1.85159571
 1.47362217 1.47637726 1.63060191 1.59015744 1.44438327 1.7112388
 1.8136892  1.38539912 1.57172843 1.53403496 1.63562441 1.47798181
 1.59228923 1.50609198 1.39898569 1.46187293 1.63735496 1.69272573
 1.38994993 1.43957875 1.67391667 1.51625379 1.80491583