1.3805342  1.65284996 1.81999221 1.52292767 1.73396419 1.71069607
 1.46294896 1.55376603 1.8415922  1.64886816 1.84995462 1.37569837
 1.60256392 1.60353783 1.66266205 1.57142924 1.66958109 1.7047975
 1.75807198 1.60056784 1.55656949 1.4057189  1.76980829 1.65775898
 1.51022652 1.55696847 1.75764117 1.62238602 1.43956958 1.77726288
 1.62855325 1.41922156 1.68255029 1.50445612 1.55585715 1.47919832
 1.41213003 1.52315276 1.7614434  1.72918972 1.75050865 1.60295069
 1.63562225 1.56562008 1.77245689 1.81621865 1.76341855 1.77383002
 1.42932322 1.56084016 1.48854417 1.65153132 1.39259398 1.61644267
 1.45836805 1.42196896 1.53977089 1.4370217  1.79082643 1.38754479
 1.47747737 1.50890989 1.65862987 1.37817022 1.86140778 1.69898969
 1.50245814 1.72081209 1.63308707 1.86488862 1.86242715 1.82396866
 1.41161493 1.72168867 1.70223056 1.64513195 1.78680013 1.7220316
 1.74602101 1.45172871 1.73535302 1.52877182 1.42908323 1.62249784
 1.47986642 1.40605481 1.7377694  1.41644047 1.74257052 1.65872991
 1.79811273 1.69118489 1.57400003 1.67801687 1.53171441 1.62189176
 1.51415586 1.42536855 1.7351784  1.64675466 1.46785425 1.64124269
 1.53297519 1.8101468  1.46016989 1.59159581 1.6082936  1.58719401
 1.63457194 1.71584475 1.77303201 1.58986987 1.83763411 1.47596273
 1.37149193 1.72228432 1.43339506 1.80339728 1.476874   1.79898585
 1.73477174 1.47312612 1.41043674 1.83545236 1.38630059 1.46576258
 1.44038986 1.77580405 1.62781468 1.44741068 1.74514807 1.45805818
 1.72501469 1.45189285 1.38053522 1.56676987 1.66735957 1.58879861
 1.43047561 1.81598535 1.77995964 1.53209417 1.55612379 1.55105926
 1.64962388 1.71588004 1.54050085 1.37894859 1.70382119 1.51769835
 1.69993668 1.65973074 1.44024687 1.61033433 1.74701084 1.70028161
 1.64953997 1.38906081 1.67075809 1.57969904 1.51463595 1.57103557
 1.70689642 1.38628737 1.65257735 1.59830772 1.48135362 1.65624678
 1.85633019 1.78582519 1.62914032 1.70556165 1.53948779 1.49092112
 1.52083263 1.45254011 1.43142065 1.83525072 1.53636905 1.85800532
 1.72467586 1.65150569 1.52711107 1.56820355 1.58734483 1.42813332
 1.69628973 1.83103367 1.77828573 1.68079342 1.65223996 1.69117319
 1.82922345 1.80715268 1.42074404 1.48149383 1.58520325