1.53153749 1.64054809 1.49897359 1.67743443 1.53316479 1.4830369
 1.53486892 1.61822349 1.37273596 1.76160861 1.57439384 1.82115158
 1.68965674 1.83278724 1.73002588 1.56048895 1.57790502 1.48745218
 1.55876223 1.59562604 1.36945493 1.85603659 1.41899959 1.82144212
 1.44397175 1.48954724 1.77412488 1.70146785 1.59519058 1.38794598
 1.74732674 1.75878497 1.63876485 1.45569867 1.41465967 1.50527252
 1.66533711 1.72634011 1.38827251 1.41766164 1.53473756 1.43640891
 1.83481452 1.83045603 1.65238474 1.45055675 1.45861258 1.55377388
 1.38103764 1.45964083 1.77294405 1.64564534 1.63916975 1.78608183
 1.63538658 1.49507614 1.57714343 1.54498419 1.71641997 1.80518127
 1.68725043 1.754216   1.76388502 1.62949007 1.67129593 1.80421867
 1.55622004 1.50361076 1.40389322 1.67386171 1.52366008 1.5172006
 1.64954439 1.56943529 1.5171237  1.78413391 1.84354476 1.74712977
 1.42606239 1.39624178 1.61147685 1.46017924 1.52801173 1.46256251
 1.73896476 1.84058987 1.37139766 1.7030502  1.43889912 1.79964038
 1.85071775 1.54508182 1.61567508 1.74796348 1.39848959 1.4618181
 1.73788048 1.70074494 1.84166431 1.54159996 1.47272699 1.80319591
 1.44980236 1.48836406 1.46046473 1.85453112 1.78432931 1.47655421
 1.75061648 1.84809091 1.4595288  1.53038208 1.52605026 1.81499709
 1.77661027 1.49053564 1.84033464 1.65215134 1.48664526 1.54284872
 1.51370185 1.61482967 1.45619351 1.39838162 1.51338534 1.46999083
 1.8184862  1.56451564 1.82827787 1.39886755 1.54432777 1.43466278
 1.64884362 1.85511358 1.66361219 1.64558825 1.82175152 1.5457032
 1.84108062 1.82551947 1.4506145  1.43943629 1.36865093 1.60994766
 1.79537797 1.84091297 1.66034404 1.4132855  1.54482156 1.42787593
 1.75093358 1.48616047 1.56536211 1.54409869 1.52881861 1.76429625
 1.4732955  1.6190861  1.86255959 1.54552312 1.4036382  1.41450593
 1.73063468 1.67911168 1.51256366 1.43826274 1.53129846 1.76300744
 1.64344296 1.73266023 1.78378453 1.6089951  1.54604146 1.70269596
 1.49783461 1.78573165 1.54766861 1.54625329 1.52294292 1.73586952
 1.63929676 1.44800454 1.38340614 1.81492934 1.66578364 1.7448974
 1.49563426 1.55013582 1.66374918 1.51059295 1.82323067 1.50522416
 1.65949794 1.38831868 1.79473955 1.66667485 1.73244318