1.32238259 1.66575465 1.38758497 1.79321631 1.51323605 1.64508817
 1.65825495 1.55038847 1.43850479 1.67327515 1.77942911 1.52946023
 1.59504677 1.52035195 1.44977806 1.38079258 1.8274815  1.77754142
 1.63964646 1.39174263 1.64929149 1.85746324 1.68911108 1.69619151
 1.63463875 1.56546847 1.49096114 1.5279469  1.76191583 1.52059375
 1.3703777  1.52847441 1.44878505 1.41678986 1.48007136 1.65132087
 1.85451697 1.60090327 1.84563554 1.72539833 1.77041703 1.79457326
 1.76563153 1.4305137  1.36876269 1.39231906 1.60386678 1.84644044
 1.7056747  1.77187098 1.77186116 1.50796622 1.54689167 1.61689296
 1.39087672 1.41974795 1.67340902 1.83245061 1.42501466 1.43097928
 1.58018737 1.43536125 1.80337223 1.59246533 1.85274541 1.55232878
 1.64018181 1.721013   1.44127628 1.48587204 1.7258522  1.54323639
 1.83891342 1.85715282 1.77532984 1.63097783 1.59942517 1.57500525
 1.57635217 1.61470112 1.51993191 1.55126107 1.51830826 1.68700203
 1.67843322 1.51530294 1.60619876 1.48054702 1.86010655 1.43218154
 1.76619305 1.69596989 1.37614852 1.51036945 1.40010929 1.62474965
 1.48574953 1.63712614 1.79193553 1.74365031 1.58554464 1.74218954
 1.79473274 1.66764611 1.49728671 1.78140712 1.85314048 1.56484184
 1.56663631 1.71689695 1.81827108 1.59266451 1.59512191 1.53309102
 1.65917015 1.50640332 1.86024777 1.4440572  1.64102013 1.71142455
 1.49150639 1.50653926 1.46096441 1.57759869 1.54806455 1.76941143
 1.78008853 1.48501005 1.4487436  1.53371606 1.61449803 1.85724695
 1.5544361  1.51273685 1.68309713 1.45222382 1.7729744  1.84580947
 1.4994225  1.49609176 1.38345371 1.7533462  1.79156349 1.67663731
 1.78196382 1.57212215 1.38633655 1.50690151 1.6063425  1.7205397
 1.75236293 1.38998837 1.53010259 1.73245925 1.82245034 1.5618112
 1.38474978 1.8558962  1.62534052 1.38072297 1.69304878 1.53748073
 1.6706687  1.73786211 1.68706515 1.53972282 1.46820837 1.78914019
 1.71106881 1.47184576 1.81722874 1.45593589 1.75740783 1.48482323
 1.53067704 1.677494   1.37836363 1.38109643 1.67659622 1.42958557
 1.62042361 1.5174107  1.78825569 1.79768065 1.69217743 1.78059271
 1.5646699  1.42845662 1.8493699  1.58019788 1.56031564 1.71672679
 1.57943657 1.42757244 1.36941935 1.55744786 1.8104164 