1.51062635 1.8272468  1.80751708 1.83084681 1.61928442 1.52601691
 1.71592506 1.75838435 1.37710907 1.58538555 1.56526135 1.38449152
 1.85193882 1.41363119 1.47042712 1.82594325 1.52937245 1.77018382
 1.74272957 1.56561599 1.52383409 1.57444494 1.55580762 1.61058815
 1.4302845  1.49906952 1.48606512 1.61894611 1.78523061 1.70193911
 1.6520112  1.39823555 1.44548117 1.68530943 1.44640948 1.50488415
 1.62274671 1.8478576  1.62640814 1.62711319 1.78023554 1.36805826
 1.47576417 1.68710512 1.8477127  1.47938271 1.50797315 1.40651158
 1.46504941 1.38908681 1.62326325 1.84244656 1.73648279 1.75729609
 1.72757378 1.85627381 1.38853363 1.47664411 1.48865713 1.58744101
 1.8535041  1.84477706 1.82769227 1.54642904 1.73500246 1.53558502
 1.76317    1.71904601 1.8595291  1.84895792 1.66473826 1.41296447
 1.77386245 1.57218747 1.58870856 1.40022807 1.8660668  1.81320082
 1.67680856 1.76084927 1.76124206 1.59822739 1.45147711 1.42723484
 1.76209412 1.40748433 1.71350514 1.5101482  1.54215015 1.52466978
 1.61696597 1.72647933 1.54464766 1.39946175 1.45861484 1.80441678
 1.86332588 1.51860627 1.65766737 1.41606054 1.74388521 1.69454551
 1.75537603 1.84175852 1.52982096 1.68980991 1.37741334 1.76364327
 1.45018389 1.57740464 1.64507225 1.86076794 1.7158289  1.62993868
 1.6622641  1.47540373 1.53666714 1.77870446 1.51686452 1.42770491
 1.76566204 1.76938457 1.81793344 1.47442506 1.70329014 1.48354461
 1.68374949 1.82974708 1.55761743 1.683301   1.64116755 1.38432629
 1.68086417 1.68506324 1.67184777 1.60591976 1.49613395 1.3876843
 1.76967747 1.49923624 1.63964041 1.68826981 1.45564692 1.40969278
 1.72852849 1.39202876 1.70780846 1.61658908 1.72347646 1.42425969
 1.68877391 1.48902705 1.49663246 1.38103141 1.4777523  1.40527148
 1.64337191 1.6794127  1.52657323 1.47978518 1.47989902 1.44608447
 1.58466365 1.39648217 1.40193032 1.38766688 1.41353156 1.49401378
 1.40096681 1.86348968 1.54365024 1.78477624 1.80235706 1.44046403
 1.45653617 1.84481939 1.39153163 1.46438948 1.44460332 1.86015339
 1.41661973 1.73552863 1.51869752 1.52033699 1.39835565 1.43838596
 1.79956298 1.65371637 1.73563376 1.40839698 1.58921895 1.8137424
 1.37770384 1.40046171 1.48756542 1.61371831 1.85777556