1.50703558 1.48417601 1.38828181 1.78145539 1.66927231 1.74947665
 1.46682701 1.76163989 1.83239349 1.50409362 1.59828987 1.52235191
 1.57409735 1.6227466  1.6521714  1.56827905 1.67173274 1.67411369
 1.805789   1.76644605 1.46901093 1.70575054 1.5787706  1.79688065
 1.50403426 1.84262753 1.51420537 1.52887903 1.59852179 1.46336356
 1.38332069 1.82019518 1.63355225 1.75672602 1.84070421 1.77512177
 1.77071807 1.52410277 1.86519149 1.50813553 1.72885721 1.77109047
 1.59610416 1.5661048  1.83844682 1.69719476 1.60127059 1.79424265
 1.82645011 1.47502299 1.52426036 1.6488216  1.84632969 1.37976327
 1.63622813 1.43528923 1.63855339 1.38020462 1.63794665 1.43827631
 1.80935155 1.46482021 1.58656151 1.83774606 1.38304535 1.61964456
 1.70520754 1.48865767 1.70288078 1.47402242 1.52784211 1.65794229
 1.49699947 1.50117374 1.49174661 1.51506521 1.83053002 1.84535507
 1.59435041 1.81128548 1.44001291 1.81695671 1.71592006 1.7337338
 1.7503697  1.5128142  1.76293774 1.37032438 1.8086455  1.53508758
 1.40128227 1.52041468 1.71454712 1.61209078 1.40503187 1.57532016
 1.68762201 1.71926046 1.65868471 1.72144544 1.75234744 1.64870834
 1.49202092 1.4659414  1.8344995  1.59364004 1.74979101 1.6921994
 1.57179223 1.72134679 1.58128047 1.85593699 1.77573096 1.39436123
 1.41477828 1.78893917 1.76238007 1.40689809 1.57061159 1.69532272
 1.68614631 1.55409741 1.72385338 1.77059828 1.79146359 1.39545193
 1.64287054 1.67425732 1.65693493 1.64548942 1.66784839 1.72872989
 1.83539952 1.61536872 1.41526192 1.6279328  1.46994272 1.62632355
 1.37518594 1.69219015 1.75820694 1.55282803 1.61651917 1.37410562
 1.40717734 1.37863959 1.5881466  1.82734722 1.3912701  1.3682091
 1.62385947 1.49850127 1.8169094  1.48662599 1.65553624 1.49690454
 1.48982798 1.54311803 1.59812527 1.67173227 1.72029919 1.36992208
 1.61227081 1.77220431 1.69014553 1.86390397 1.80937907 1.86049206
 1.40428061 1.53572721 1.84108489 1.76578522 1.65475365 1.76425455
 1.77764963 1.49728259 1.56997539 1.49919109 1.40042184 1.80120669
 1.37424825 1.43469983 1.47887443 1.64610437 1.58922266 1.70831104
 1.55428373 1.48635372 1.62703166 1.74266042 1.83146195 1.68983777
 1.63934941 1.68337201 1.53330499 1.78681594 1.50476677