1.64895669 1.64358361 1.777221   1.83663496 1.41230149 1.84970219
 1.44890479 1.8197115  1.44795105 1.64792796 1.7831615  1.72573761
 1.80041487 1.61695443 1.55325012 1.61730315 1.54973181 1.50830087
 1.50741575 1.62017855 1.51523281 1.63945665 1.84016411 1.7514772
 1.53507403 1.50338355 1.71018288 1.70906747 1.62974158 1.42859593
 1.78971913 1.68479305 1.39818977 1.38427153 1.57955562 1.4697388
 1.43816445 1.81018272 1.79998344 1.41883755 1.66484614 1.39223172
 1.85272036 1.51028482 1.73606202 1.76309587 1.831413   1.80202014
 1.37804791 1.66335136 1.84553936 1.41979592 1.47817734 1.51769352
 1.68233925 1.52169537 1.55571424 1.83073669 1.81735511 1.60652058
 1.76998073 1.5031781  1.48470162 1.48246089 1.6159206  1.77760162
 1.49286069 1.58664191 1.48691511 1.47996813 1.36975213 1.59996504
 1.39062002 1.63320338 1.81668157 1.47143258 1.43744748 1.52530594
 1.50090428 1.79129499 1.83739789 1.39845958 1.5537456  1.63045208
 1.56831655 1.43660002 1.5935849  1.59046923 1.67012031 1.59864485
 1.62234181 1.643553   1.49830433 1.76684861 1.5245502  1.67847204
 1.82168962 1.82266478 1.50038022 1.8098712  1.45117584 1.82265769
 1.39308094 1.46852883 1.52775278 1.42187376 1.78859979 1.3839423
 1.63105129 1.56069511 1.62270347 1.85372647 1.49699314 1.68189302
 1.82245377 1.38827732 1.48150652 1.60659389 1.78051816 1.78204859
 1.50898279 1.5754935  1.5912519  1.57441035 1.57229048 1.55362336
 1.53085027 1.51280219 1.39606683 1.57128985 1.60597912 1.82710375
 1.57732861 1.84998765 1.81006047 1.42454273 1.56434213 1.62668818
 1.61957559 1.85274185 1.74315531 1.83047012 1.80757218 1.7330847
 1.48757505 1.73813127 1.43087947 1.58836392 1.38783535 1.85606994
 1.80169508 1.54682242 1.79375892 1.58733749 1.55892979 1.51672128
 1.45363202 1.79577483 1.73806201 1.7186955  1.80953462 1.63642457
 1.77847854 1.71454336 1.7376792  1.4729036  1.5288314  1.62417392
 1.60327708 1.8627687  1.40035563 1.65634367 1.55972962 1.8440605
 1.53579243 1.47290815 1.78766455 1.63066762 1.70586059 1.80901783
 1.60876883 1.78382689 1.64526116 1.81659084 1.55166302 1.54553583
 1.4334941  1.75793096 1.59596635 1.48499225 1.37525201 1.62082618
 1.44505564 1.53399779 1.50333506 1.59782364 1.61561818