1.33364394 1.71880712 1.77823348 1.44605925 1.54032243 1.84746463
 1.77508996 1.60292282 1.55678285 1.82686746 1.83788518 1.42537249
 1.52060441 1.83981272 1.4388852  1.59711527 1.54655498 1.69324547
 1.78051479 1.61141642 1.5545152  1.45897408 1.36900833 1.5294859
 1.66668546 1.68035194 1.39092719 1.48915505 1.57758061 1.4161549
 1.76642515 1.59537275 1.60166031 1.8627198  1.79016605 1.54613439
 1.77646932 1.548401   1.5546169  1.66525539 1.57964848 1.37739235
 1.41416638 1.64901487 1.63806285 1.75838592 1.48446152 1.53201688
 1.41038896 1.38676178 1.43929424 1.70169886 1.73483421 1.59041792
 1.72813778 1.52919365 1.68963466 1.64834324 1.78770563 1.49019
 1.4719767  1.44724647 1.54908438 1.65470724 1.7116946  1.38422995
 1.37300412 1.58354341 1.74085071 1.53703916 1.4599427  1.4076167
 1.7270557  1.58936594 1.56240204 1.71647403 1.68323333 1.52266054
 1.80981997 1.56367033 1.74871241 1.8223747  1.85229188 1.48773642
 1.45604518 1.62094547 1.82784651 1.82093808 1.69118648 1.69395226
 1.48000211 1.52197629 1.81281668 1.65288724 1.4593018  1.38683924
 1.70332413 1.39297227 1.57968645 1.84380485 1.75382493 1.75365168
 1.6633985  1.69360056 1.54914171 1.43259307 1.46367494 1.81494471
 1.72365389 1.47643448 1.51819174 1.61028736 1.38932979 1.60341732
 1.42523825 1.63226007 1.80675111 1.51294238 1.82263501 1.71411097
 1.5636017  1.69252126 1.84267684 1.61457873 1.58740852 1.80377491
 1.82024226 1.50280616 1.70184709 1.531459   1.4696668  1.76824408
 1.82218231 1.65407291 1.43423229 1.56225286 1.40835831 1.59166656
 1.41950234 1.71907475 1.37831473 1.60026428 1.80300494 1.59685529
 1.5015441  1.83454723 1.78155375 1.72039705 1.47767969 1.43382959
 1.40160941 1.41845146 1.7679874  1.82669739 1.75395582 1.75951377
 1.75683312 1.39187451 1.44594823 1.48760365 1.4841707  1.40891891
 1.37403337 1.38776137 1.52767243 1.63002973 1.70261292 1.43185218
 1.44526613 1.4705713  1.59164243 1.58003858 1.53197426 1.47843681
 1.61122925 1.76814304 1.58319471 1.85623417 1.45760887 1.78787257
 1.77202995 1.86060048 1.56521531 1.70243751 1.83371808 1.6482158
 1.81975479 1.48685574 1.86642531 1.7370367  1.4577424  1.85537347
 1.68915039 1.77201104 1.68679424 1.62349802 1.47147124