1.41969959 1.81513189 1.47119464 1.49189858 1.69308602 1.81223151
 1.65637701 1.55081053 1.83545537 1.60632499 1.85937936 1.84881645
 1.74480161 1.67126975 1.42299547 1.52797596 1.46891746 1.39142165
 1.48791832 1.40612357 1.64785695 1.71473924 1.42006399 1.45210786
 1.42433181 1.51089411 1.79449976 1.42119058 1.49492881 1.46595269
 1.65759645 1.86644813 1.75211494 1.77261204 1.38264953 1.59422046
 1.67307292 1.61558339 1.71750788 1.69386486 1.63203594 1.49930377
 1.4477544  1.54489862 1.37712513 1.61565688 1.63102979 1.57610566
 1.86002051 1.39442735 1.61289238 1.75632877 1.42421996 1.78197686
 1.38905228 1.50540994 1.51792686 1.44304701 1.48620617 1.74268764
 1.67722558 1.63814308 1.59537444 1.67012121 1.68759372 1.57297905
 1.55389581 1.79904647 1.5678479  1.80438889 1.4514422  1.68549548
 1.63909663 1.38191766 1.59129306 1.60447842 1.86177831 1.68524551
 1.51629472 1.77744539 1.58002473 1.75522892 1.76413892 1.38269621
 1.64031545 1.59981261 1.48456027 1.53506837 1.42965921 1.37420939
 1.52972433 1.77946556 1.59730097 1.43240085 1.84629474 1.41518396
 1.53859097 1.41384873 1.81687004 1.68423179 1.84655284 1.40827802
 1.81429224 1.73976627 1.57532411 1.82458196 1.74683501 1.65943654
 1.64282462 1.67199002 1.681021   1.38351194 1.81103061 1.7906121
 1.52229825 1.60020814 1.59911777 1.55919903 1.63506883 1.41370058
 1.49716937 1.81165741 1.86018074 1.75905149 1.45937369 1.5521895
 1.78268603 1.72867325 1.4025093  1.41625631 1.40513797 1.72571313
 1.72714442 1.48365243 1.69320876 1.43886722 1.46091384 1.71859643
 1.54477863 1.4488508  1.60259687 1.64863048 1.57748851 1.791771
 1.43715767 1.71017037 1.44991729 1.82577403 1.56555269 1.48146785
 1.72316237 1.66108331 1.83697285 1.61579434 1.64634287 1.861033
 1.74778005 1.73105678 1.62437993 1.72507706 1.74232958 1.55659936
 1.53518359 1.54103972 1.36909911 1.68712355 1.76894627 1.39918179
 1.73070012 1.66180697 1.65086518 1.84117455 1.5444181  1.37836099
 1.37205682 1.67667121 1.814098   1.41376784 1.46717747 1.83218162
 1.78073947 1.4773872  1.60147887 1.71789985 1.44057305 1.80141652
 1.56985534 1.78432847 1.70614046 1.44803081 1.38155701 1.49837569
 1.45741334 1.39926262 1.54945058 1.63674224 1.77048248