1.49349876 1.82411252 1.74730495 1.44983849 1.5637292  1.44756801
 1.75970777 1.60128421 1.39276809 1.71912074 1.61560454 1.54419879
 1.6596754  1.52556841 1.45969502 1.72636029 1.60151568 1.79806673
 1.47196693 1.62346934 1.38011446 1.65783518 1.48427489 1.83090975
 1.61673335 1.44790058 1.81345976 1.38279723 1.8352117  1.74607888
 1.43590742 1.66921857 1.40822347 1.85717801 1.557237   1.85868979
 1.69411986 1.83565809 1.54511269 1.53764917 1.36935562 1.44084912
 1.51190783 1.67574467 1.63496617 1.41254208 1.55204345 1.5980943
 1.47243802 1.85784754 1.46614437 1.82943504 1.5358119  1.38379447
 1.74006017 1.37222351 1.8298186  1.67816631 1.7514672  1.60244143
 1.75885362 1.74795634 1.73578476 1.45336024 1.37504011 1.53964623
 1.65731554 1.60424596 1.5349866  1.62757282 1.63410965 1.85187145
 1.51224569 1.76150583 1.36910256 1.51434101 1.49557039 1.69041001
 1.71732758 1.7482114  1.67255493 1.49433458 1.82353525 1.56865118
 1.55619073 1.85354077 1.49929825 1.55728504 1.53901673 1.76256898
 1.57299492 1.39037363 1.64411993 1.72897197 1.73514385 1.60195946
 1.38658798 1.65435691 1.5587208  1.55121578 1.46618245 1.74814949
 1.39218307 1.73381308 1.84830196 1.50053391 1.65038094 1.39580664
 1.49002992 1.49380104 1.60759434 1.40558631 1.50371279 1.7373561
 1.69783697 1.49504579 1.69020693 1.48869607 1.45468819 1.39700035
 1.56620097 1.76325767 1.66102437 1.77235997 1.59477371 1.62501726
 1.72145127 1.71272023 1.7512836  1.78205982 1.38787459 1.79683467
 1.47982996 1.4992885  1.58461441 1.74585681 1.57218117 1.40259283
 1.50273376 1.37761802 1.48661284 1.86499549 1.38693848 1.51035543
 1.83212883 1.38021614 1.47253827 1.63869657 1.6419958  1.40544451
 1.75064517 1.43674666 1.49629875 1.55339349 1.82405191 1.54287711
 1.56356622 1.8033111  1.52621422 1.41665175 1.78797187 1.75566387
 1.52176669 1.48170347 1.73166461 1.86131372 1.39230173 1.3760971
 1.43476877 1.70565319 1.76607117 1.57722005 1.66992164 1.59708241
 1.46237047 1.67922225 1.5027397  1.57662544 1.73505118 1.85753539
 1.52362418 1.60054687 1.61739775 1.61604222 1.42478133 1.41950444
 1.77843166 1.59526753 1.86082038 1.71081372 1.53584974 1.50033493
 1.58568241 1.49515792 1.55381699 1.7611656  1.4262896 