-0.01864129  1.08570948  2.24621157  1.68765534  1.77390154  1.75055266
  1.51611029  1.61684353  1.81488912  1.86249367  1.73666648  1.6757306
  1.69790882  1.60156908  1.70096139  1.71329681  1.84923903  1.56660342
  1.44674719  1.57873599  1.37233682  1.7151424   1.60387131  1.58190648
  1.64047703  1.40317094  1.40238891  1.50730611  1.55068205  1.57859715
  1.53332027  1.58402032  1.45353832  1.52394593  1.60316301  1.47353338
  1.71744026  1.54025737  1.6866981   1.54911745  1.58467395  1.61572374
  1.69819416  1.45969438  1.52697768  1.6265283   1.63182633  1.41326071
  1.44800398  1.62202206  1.81459531  1.44178085  1.48159951  1.46680052
  1.48866816  1.76879116  1.84419138  1.44313431  1.72295184  1.64602342
  1.725523    1.41963052  1.51865219  1.76552423  1.58240285  1.38771586
  1.39284033  1.64548624  1.59462744  1.50433146  1.55008958  1.82269861
  1.70779715  1.82745314  1.57130297  1.37320229  1.51803992  1.75409122
  1.690756    1.70231726  1.7169926   1.37161336  1.58723774  1.67844595
  1.63197982  1.79886585  1.84838496  1.41962906  1.86124421  1.62299555
  1.57079435  1.79753269  1.52154573  1.42598527  1.58782957  1.85899922
  1.86571004  1.62417168  1.62344756  1.50520602  1.47965626  1.41228572
  1.40396731  1.63053654  1.62577977  1.56830996  1.76130405  1.7597818
  1.85128058  1.62366632  1.80337966  1.73742718  1.50742495  1.72857397
  1.81173011  1.72942953  1.41272459  1.40813585  1.69139561  1.40836927
  1.81435973  1.63446843  1.68617464  1.42149075  1.73178028  1.57071148
  1.76873555  1.85524333  1.53193909  1.41687683  1.40412622  1.83283319
  1.39563804  1.8106123   1.47570094  1.6040439   1.62325389  1.81621359
  1.3777771   1.85619289  1.72848802  1.60020721  1.84116138  1.3978367
  1.66026714  1.42746512  1.56002693  1.68281519  1.58974082  1.59141526
  1.48054767  1.54631913  1.86253765  1.56403445  1.55103825  1.78812224
  1.38700535  1.84799909  1.5994025   1.72815941  1.39586326  1.55532989
  1.65823518  1.77255017  1.67631332  1.72477473  1.54502452  1.40258555
  1.42058583  1.6710233   1.68407684  1.4543818   1.4551401   1.70756829
  1.82809602  1.7871096   1.80763279  1.5968089   1.37426476  1.67076186
  1.8179051   1.53875346  1.75783501  1.77254984  1.42150305  1.70304989
  1.41179784  1.57782154  1.58882037  1.5402586   1.44830723  1.65832578
  1.51429095  1.58156338  1.66669663  1.728974    1.51971504  1.50483206
  1.46433926  1.7256779   1.76805135  1.67120651  1.52928975  1.78575341
  1.47328852  1.37596784  1.81936367  1.81065148  1.61780766  1.67472748
  1.51783357  1.7330306   1.48518397  1.70875364  1.8544347   1.85143605
  1.50052688  1.79249733  1.48579228  1.64466809  1.83737978  1.66121622
  1.85213713  1.66385394  1.68192204  1.82052283  1.74293728  1.54396841
  1.79323046  1.73354219  1.74298497  1.6698513   1.68411628  1.61965382
  1.75612992  1.84924189  1.71097405  1.83909299  1.42840572  1.54411657
  1.5189821   1.47717818  1.85566012  1.69158822  1.85370868  1.40441355
  1.71823794  1.47112626  1.55910728  1.73657216  1.75416857  1.51711713
  1.72906337  1.59578153  1.38851053  1.75920976  1.5155018   1.64083091
  1.68788316  1.8440707   1.39409828  1.73162196  1.5784159   1.81016621
  1.6217074   1.50207229  1.67686624  1.55354308  1.70691408  1.49531721
  1.69855722  1.63594808  1.55740021  1.38783028  1.48208687  1.68915441
  1.72061476  1.54145051  1.58122686  1.7444972   1.72096346  1.57423565
  1.47882345  1.55056654  1.64665251  1.58082384  1.51335853  1.38913088
  1.53518181  1.5811287   1.56083319  1.49721843  1.82093186  1.46192363
  1.43333892  1.45499292  1.67415361  1.581196    1.60880512  1.43980895
  1.67231298  1.49468866  1.38818742  1.84440371  1.76681779  1.59728705
  1.75786094  1.46538668  1.6883073   1.54766868  1.39302972  1.61494586
  1.66000169  1.47188088  1.4583578   1.48061559  1.84497953  1.63655049
  1.5690426   1.48998139  1.47689706  1.48675577  1.5432516   1.85348669
  1.59405541  1.78597012  1.80786985  1.37116398  1.73581344  1.67173729
  1.39296036  1.37771013  1.71540544  1.5271292   1.41134043  1.48747435
  1.67298489  1.4577815   1.58504306  1.85606106  1.42246995  1.50255801
  1.45724956  1.69764717  1.71893058  1.60344125  1.61821388  1.85597221
  1.78261632  1.38305939  1.7065901   1.46744739  1.41689761  1.60187757
  1.58770917  1.7027754   1.56400022  1.7513726   1.44946875  1.45127004
  1.38291103  1.43683449  1.84343316  1.68076882  1.75863966  1.68930669
  1.64506296  1.41492929  1.59528238  1.83293306  1.43817857  1.47200681
  1.63704028  1.55133048  1.42874021  1.79123689  1.75865185  1.86801067
  1.86571062  1.37454355  1.53050938  1.45476512  1.44861697  1.40372266
  1.57593602  1.55737317  1.57672531  1.60104523  1.44949081  1.72688435
  1.62177181  1.85558235  1.54930627  1.75710749  1.80215729  1.74611692
  1.53568977  1.55318355  1.78354038  1.61447428  1.47689492  1.79531762
  1.54288318  1.58111917  1.78233466  1.82500582  1.53348111  1.75452831
  1.6875762   1.47160413  1.4669751   1.62730815  1.62337149  1.79576451
  1.52025416  1.39630353  1.59009919  1.58069431  1.42401005  1.54009724
  1.85253234  1.47033849  1.44680305  1.40886533  1.3773572   1.85978436
  1.86461391  1.40479342  1.61330983  1.54700708  1.5291222   1.86062548
  1.4635413   1.70385347  1.50651755  1.80959315  1.85573773  1.55337589
  1.53265822  1.63799254  1.49900098  1.8585363   1.46369085  1.53295644
  1.38237942  1.44031995  1.74956718  1.72806145  1.81250693  1.46939452
  1.81061972  1.81448915  1.79752744  1.82539089  1.66026339  1.48239735
  1.8060645   1.45283217  1.80854761  1.66214401  1.84826431  1.79428676
  1.59514265  1.65798457  1.68473013  1.66297435  1.65034224  1.42848681
  1.84764178  1.6304961   1.52695789  1.7056322   1.82827084  1.45531318
  1.39691823  1.40373482  1.56636181  1.39599466  1.48266189  1.5686813
  1.63934126  1.47411671  1.59793178  1.81339772  1.67993568  1.44359014
  1.46075384  1.75086417  1.45446987  1.59157419  1.55607623  1.74904503
  1.48311922  1.80601064  1.51405777  1.77864629  1.85319168  1.83246389
  1.4312688   1.86466064  1.79973051  1.53979893  1.40592927  1.47850336
  1.66352492  1.5088762   1.79631142  1.62953813  1.4366874   1.73170607
  1.55029814  1.61948357  1.83931313  1.83491032  1.63898876  1.73911994
  1.59986515  1.80235543  1.56959258  1.58034331  1.7334967   1.53788323
  1.37660375  1.68808544  1.37377489  1.53460433  1.45478854  1.79443226
  1.77035708  1.59828184  1.39232695  1.37154155  1.5309842   1.39374319
  1.60623804  1.77666419  1.45934953  1.4881955   1.62066952  1.49749882
  1.38000544  1.73440246  1.58812208  1.78799246  1.75435637  1.61562309
  1.76738738  1.74854803  1.6000572   1.55213355  1.47481318  1.40996669
  1.80984562  1.50629501  1.53800948  1.76676084  1.72478158  1.78040554
  1.52155319  1.45717166  1.63607656  1.77886669  1.69150653  1.61000598
  1.73645168  1.61318752  1.39702792  1.49787762  1.48364347  1.7886328
  1.60575635  1.60346507  1.64457585  1.75835185  1.39459851  1.5218008
  1.72240378  1.49451401  1.85485593  1.78199464  1.69449464  1.86496767
  1.41351744  1.84098794  1.41215788  1.54237066  1.48338373  1.6102898
  1.77519757  1.6201745   1.78558742  1.62660566  1.55509098  1.41223493
  1.43534837  1.37532609  1.76694651  1.86651239  1.42953184  1.47480038
  1.84943135  1.57684697  1.69517914  1.73538624  1.76793049  1.62750486
  1.39331269  1.37261356  1.72649072  1.3696544   1.56880527  1.40444644
  1.50029083  1.71000592  1.59109062  1.76803399  1.82102974  1.82917739
  1.66718904  1.67964731  1.42085102  1.6658375   1.59513153  1.77305497
  1.64191272  1.4790283   1.4570479   1.63771771  1.83994588  1.43319021
  1.53534939  1.70069961  1.8523578   1.6856767   1.49482732  1.77823556
  1.77518954  1.6917247   1.45857002  1.64873135  1.41260428  1.7756259
  1.76039014  1.47847889  1.57625969  1.53261611  1.76477117  1.56831685
  1.4706232   1.399283    1.78801176  1.53432252  1.52511918  1.74645956
  1.73387979  1.82901669  1.71859196  1.42382484  1.59091165  1.5561771
  1.78384141  1.73673275  1.45355767  1.4731629   1.4027625   1.80568833
  1.48986202  1.40276     1.38239561  1.37262564  1.47026816  1.42726394
  1.48511372  1.67925326  1.69248445  1.84948066  1.86340555  1.4396359
  1.83492137  1.70029198  1.57994367  1.4348027   1.57660167  1.44886182
  1.48869859  1.51444656  1.72815394  1.7498568   1.49275935  1.60531243
  1.60487752  1.77285254  1.6152617   1.71970508  1.60562156  1.69794596
  1.76479347  1.76059058  1.68424733  1.41740331  1.45723703  1.54251327
  1.74188401  1.43411856  1.57471686  1.37428444  1.53543409  1.57751698
  1.45421646  1.3873102   1.85313063  1.41416282  1.49380466  1.54267215
  1.82714628  1.37965548  1.80814359  1.77764832  1.57282318  1.4003041
  1.62657458  1.36890405  1.82491502  1.48438625  1.60350356  1.39896911
  1.6667203   1.81358333  1.5183894   1.54183535  1.82465972  1.69963702
  1.73930202  1.76265117  1.50901345  1.70713959  1.3915546   1.85417208
  1.41949996  1.74971612  1.37670895  1.48650934  1.50721054  1.63559516
  1.46203426  1.78849005  1.53878859  1.52311093  1.38800316  1.43455801
  1.52779989  1.53276364  1.60722408  1.55290095  1.80785338  1.69801746
  1.4363894   1.53200802  1.69101376  1.60529243  1.62563109  1.57398307
  1.70073321  1.83707457  1.46121815  1.39877989  1.73006029  1.68087615
  1.80322045  1.49562476  1.63493139  1.64743507  1.86067162  1.85586323
  1.79114243  1.83416824  1.63147604  1.38500892  1.60251285  1.57459728
  1.51901054  1.75057425  1.5934141   1.64096704  1.60531765  1.65424263
  1.49956173  1.82334105  1.57128628  1.52240441  1.75766567  1.81675665
  1.51875676  1.62525818  1.50937981  1.53280758  1.55636432  1.49135891
  1.56788384  1.83894039  1.5473944   1.39187566  1.50629406  1.76997587
  1.80178352  1.46539979  1.82245876  1.4969852   1.59877476  1.84223086
  1.78005825  1.60497629  1.64643202  1.71448908  1.66541323  1.61198607
  1.81366878  1.67266427  1.68506237  1.82706681  1.7937922   1.49363036
  1.83574767  1.55955642  1.58629169  1.55687277  1.40251711  1.48180347
  1.57531273  1.42171287  1.839688    1.83492914  1.42330344  1.66447296
  1.4527423   1.61491221  1.65425408  1.45961958  1.48165212  1.612249
  1.82375635  1.69407017  1.61818846  1.49905304  1.52924307  1.5595177
  1.73651429  1.81634114  1.63312523  1.83741358  1.51422519  1.57406547
  1.77218356  1.80481033  1.79673624  1.83455129  1.57367418  1.52920043
  1.83966434  1.70923945  1.56472009  1.77223324  1.69032004  1.74543061
  1.84313536  1.44487483  1.3776782   1.75047292  1.50038004  1.7558209
  1.55423948  1.83318823  1.41407808  1.63042944  1.54497686  1.85114666
  1.79411795  1.71451837  1.54054823  1.41828001  1.68641379  1.76061734
  1.68210923  1.53427782  1.81016692  1.5515864   1.78431996  1.79150639
  1.38619237  1.48940453  1.69145585  1.74783467  1.52815211  1.82023072
  1.48636082  1.726262    1.38374589  1.42440462  1.4629996   1.45111299
  1.56584206  1.7521198   1.71360557  1.82724945  1.4080369   1.8633595
  1.4066135   1.73878062  1.78540856  1.79605358  1.67183444  1.63838283
  1.77954724  1.65574485  1.704323    1.5211294   1.59720599  1.45877798
  1.67750333  1.82422757  1.52140688  1.83447402  1.60143913  1.52219892
  1.73658787  1.72999974  1.64142307  1.77664126  1.44772256  1.48627557
  1.47722867  1.65529659  1.7936598   1.47269375  1.40131984  1.62431161
  1.55191036  1.48746738  1.64649985  1.41644632  1.53135516  1.48191821
  1.45560908  1.82324671  1.7634291   1.42655824  1.66793808  1.8267053
  1.50367832  1.78976035  1.49150625  1.72378076  1.79372312  1.6962237
  1.56553398  1.51803593  1.67507133  1.60732783  1.5348099   1.55157643
  1.63098517  1.55009242  1.5814237   1.42669392  1.57777125  1.85447416
  1.56721219  1.50605479  1.68371857  1.45342233  1.70846205  1.83910243
  1.40809759  1.63265834  1.53699974  1.82137806  1.78251305  1.37826192
  1.74106216  1.7079698   1.59137883  1.60628693  1.48995225  1.39106981
  1.81042216  1.728341    1.41958988  1.64427971  1.73742805  1.47209704
  1.51006754  1.57512218  1.52886095  1.75998555  1.85831575  1.4846168
  1.3704668   1.40586856  1.48114796  1.5161064 